Graph with 200 nodes and 7939 edges
0 6
0 10
0 19
0 20
0 28
0 29
0 33
0 36
0 37
0 38
0 41
0 46
0 48
0 49
0 50
0 51
0 58
0 60
0 61
0 69
0 72
0 73
0 74
0 75
0 77
0 79
0 80
0 84
0 87
0 90
0 93
0 94
0 97
0 99
0 100
0 107
0 108
0 110
0 116
0 119
0 121
0 122
0 129
0 132
0 134
0 135
0 136
0 137
0 144
0 145
0 149
0 152
0 157
0 159
0 163
0 164
0 166
0 170
0 175
0 178
0 180
0 183
0 186
0 188
0 189
0 190
0 192
1 7
1 12
1 15
1 17
1 18
1 19
1 20
1 24
1 30
1 32
1 39
1 41
1 44
1 48
1 49
1 53
1 55
1 57
1 58
1 59
1 60
1 63
1 66
1 68
1 69
1 71
1 73
1 75
1 76
1 78
1 82
1 84
1 85
1 90
1 92
1 93
1 96
1 97
1 99
1 102
1 103
1 104
1 105
1 109
1 111
1 114
1 115
1 119
1 122
1 124
1 127
1 130
1 131
1 134
1 135
1 136
1 137
1 138
1 142
1 144
1 146
1 151
1 152
1 153
1 154
1 157
1 158
1 159
1 162
1 166
1 167
1 169
1 170
1 172
1 178
1 179
1 181
1 183
1 185
1 186
1 189
1 191
1 192
1 199
2 5
2 7
2 9
2 10
2 11
2 12
2 18
2 21
2 25
2 26
2 27
2 30
2 33
2 34
2 37
2 38
2 41
2 43
2 46
2 47
2 49
2 50
2 57
2 60
2 61
2 64
2 65
2 67
2 70
2 74
2 79
2 80
2 83
2 84
2 87
2 90
2 93
2 95
2 99
2 100
2 101
2 104
2 106
2 108
2 114
2 116
2 118
2 122
2 123
2 124
2 128
2 129
2 130
2 135
2 136
2 137
2 139
2 140
2 145
2 147
2 149
2 150
2 152
2 153
2 157
2 163
2 164
2 166
2 167
2 172
2 173
2 180
2 183
2 184
2 185
2 186
2 187
2 192
2 194
2 195
2 196
3 4
3 8
3 11
3 15
3 17
3 18
3 19
3 21
3 25
3 28
3 31
3 36
3 39
3 40
3 41
3 44
3 45
3 47
3 49
3 51
3 52
3 55
3 56
3 61
3 62
3 66
3 67
3 68
3 69
3 70
3 72
3 73
3 77
3 78
3 82
3 84
3 89
3 90
3 95
3 98
3 99
3 100
3 101
3 103
3 105
3 108
3 109
3 112
3 113
3 115
3 120
3 121
3 131
3 134
3 137
3 138
3 139
3 141
3 142
3 143
3 145
3 146
3 148
3 149
3 150
3 151
3 154
3 155
3 157
3 158
3 159
3 161
3 164
3 167
3 170
3 172
3 173
3 175
3 176
3 179
3 188
3 190
3 195
4 7
4 8
4 14
4 18
4 21
4 22
4 27
4 34
4 37
4 38
4 39
4 46
4 47
4 48
4 49
4 52
4 53
4 55
4 56
4 57
4 59
4 61
4 62
4 63
4 65
4 68
4 70
4 72
4 74
4 75
4 79
4 81
4 83
4 88
4 92
4 96
4 104
4 110
4 113
4 114
4 117
4 118
4 119
4 120
4 122
4 124
4 127
4 132
4 133
4 134
4 135
4 140
4 142
4 143
4 146
4 147
4 149
4 150
4 153
4 155
4 159
4 161
4 162
4 163
4 164
4 165
4 166
4 168
4 169
4 170
4 176
4 184
4 185
4 189
4 190
4 192
4 193
4 196
4 197
4 198
5 6
5 8
5 10
5 11
5 13
5 14
5 15
5 19
5 23
5 24
5 29
5 30
5 31
5 35
5 38
5 39
5 41
5 43
5 44
5 48
5 49
5 51
5 56
5 59
5 65
5 70
5 71
5 74
5 75
5 82
5 83
5 84
5 86
5 87
5 90
5 91
5 92
5 93
5 94
5 96
5 99
5 100
5 103
5 105
5 107
5 109
5 114
5 116
5 121
5 128
5 131
5 132
5 133
5 135
5 136
5 139
5 140
5 141
5 143
5 144
5 145
5 154
5 157
5 158
5 161
5 165
5 167
5 169
5 170
5 172
5 173
5 176
5 180
5 181
5 182
5 183
5 186
5 188
5 190
5 192
5 194
5 198
5 199
6 10
6 11
6 13
6 16
6 19
6 21
6 23
6 25
6 26
6 27
6 34
6 35
6 36
6 38
6 40
6 41
6 47
6 51
6 52
6 53
6 57
6 59
6 61
6 64
6 68
6 69
6 73
6 74
6 75
6 77
6 78
6 80
6 86
6 92
6 96
6 100
6 101
6 104
6 107
6 108
6 116
6 119
6 121
6 129
6 130
6 131
6 133
6 137
6 140
6 142
6 144
6 145
6 146
6 150
6 152
6 158
6 163
6 166
6 167
6 168
6 169
6 171
6 172
6 175
6 176
6 177
6 179
6 182
6 185
6 190
6 193
6 197
6 199
7 9
7 11
7 14
7 15
7 16
7 22
7 25
7 26
7 28
7 33
7 35
7 36
7 42
7 43
7 48
7 52
7 53
7 56
7 60
7 61
7 66
7 70
7 71
7 72
7 73
7 75
7 79
7 80
7 82
7 86
7 87
7 90
7 91
7 93
7 94
7 96
7 99
7 100
7 102
7 105
7 106
7 109
7 111
7 115
7 117
7 118
7 121
7 123
7 125
7 139
7 142
7 145
7 148
7 151
7 154
7 156
7 157
7 159
7 163
7 164
7 166
7 167
7 168
7 171
7 172
7 173
7 176
7 177
7 181
7 183
7 185
7 193
7 196
8 9
8 11
8 12
8 17
8 19
8 25
8 27
8 28
8 33
8 38
8 42
8 43
8 45
8 47
8 49
8 51
8 52
8 53
8 54
8 58
8 59
8 62
8 65
8 66
8 69
8 76
8 91
8 93
8 94
8 95
8 96
8 98
8 99
8 100
8 101
8 104
8 108
8 109
8 110
8 113
8 114
8 116
8 117
8 120
8 121
8 123
8 127
8 128
8 130
8 131
8 135
8 136
8 137
8 138
8 139
8 141
8 144
8 148
8 152
8 155
8 161
8 163
8 164
8 166
8 167
8 170
8 172
8 174
8 175
8 176
8 183
8 184
8 185
8 191
8 198
8 199
9 12
9 15
9 19
9 20
9 23
9 25
9 27
9 30
9 31
9 32
9 36
9 40
9 41
9 42
9 47
9 48
9 49
9 50
9 51
9 52
9 56
9 57
9 61
9 65
9 66
9 67
9 68
9 72
9 76
9 78
9 82
9 86
9 87
9 88
9 89
9 90
9 95
9 96
9 99
9 100
9 108
9 109
9 113
9 114
9 116
9 126
9 136
9 138
9 140
9 141
9 143
9 144
9 145
9 149
9 151
9 153
9 157
9 158
9 160
9 163
9 165
9 172
9 179
9 185
9 190
9 191
9 195
9 196
10 11
10 12
10 18
10 19
10 20
10 21
10 23
10 26
10 28
10 35
10 37
10 42
10 44
10 45
10 46
10 48
10 52
10 53
10 55
10 56
10 58
10 61
10 62
10 63
10 65
10 68
10 74
10 75
10 76
10 77
10 78
10 79
10 81
10 82
10 84
10 85
10 93
10 94
10 95
10 97
10 102
10 104
10 105
10 108
10 112
10 116
10 117
10 119
10 121
10 129
10 131
10 132
10 135
10 137
10 139
10 143
10 144
10 145
10 147
10 151
10 152
10 153
10 154
10 155
10 157
10 164
10 169
10 171
10 173
10 175
10 178
10 179
10 181
10 183
10 187
10 188
10 191
10 192
10 194
10 195
11 14
11 16
11 22
11 25
11 30
11 32
11 34
11 39
11 41
11 45
11 46
11 47
11 50
11 55
11 57
11 60
11 61
11 67
11 70
11 72
11 76
11 77
11 78
11 80
11 82
11 83
11 84
11 85
11 88
11 91
11 96
11 102
11 106
11 109
11 115
11 119
11 120
11 122
11 123
11 126
11 127
11 131
11 135
11 136
11 139
11 147
11 150
11 152
11 154
11 160
11 164
11 165
11 170
11 172
11 175
11 178
11 180
11 181
11 182
11 186
11 188
11 194
11 195
11 197
11 198
12 19
12 24
12 25
12 27
12 30
12 34
12 37
12 40
12 43
12 44
12 49
12 51
12 53
12 56
12 60
12 61
12 62
12 66
12 67
12 68
12 69
12 71
12 74
12 79
12 84
12 85
12 88
12 92
12 95
12 96
12 98
12 100
12 101
12 103
12 106
12 107
12 108
12 113
12 114
12 116
12 119
12 120
12 121
12 125
12 130
12 132
12 134
12 135
12 137
12 141
12 147
12 148
12 156
12 164
12 165
12 168
12 169
12 171
12 172
12 174
12 175
12 176
12 179
12 191
12 192
12 194
12 195
12 198
12 199
13 16
13 19
13 20
13 22
13 24
13 28
13 29
13 30
13 32
13 39
13 40
13 48
13 49
13 52
13 55
13 59
13 66
13 67
13 69
13 72
13 77
13 79
13 84
13 87
13 88
13 90
13 92
13 93
13 95
13 96
13 98
13 105
13 107
13 108
13 113
13 117
13 118
13 120
13 122
13 124
13 128
13 130
13 133
13 138
13 139
13 142
13 144
13 145
13 152
13 153
13 157
13 158
13 160
13 161
13 168
13 170
13 171
13 173
13 174
13 175
13 176
13 179
13 180
13 181
13 183
13 186
13 190
13 191
13 192
13 193
13 194
13 195
13 196
13 197
14 15
14 17
14 18
14 23
14 25
14 26
14 27
14 29
14 33
14 35
14 37
14 38
14 41
14 43
14 48
14 49
14 50
14 53
14 54
14 55
14 58
14 67
14 68
14 69
14 74
14 75
14 78
14 82
14 83
14 86
14 89
14 95
14 101
14 102
14 107
14 116
14 117
14 118
14 125
14 126
14 127
14 128
14 129
14 132
14 135
14 136
14 140
14 141
14 142
14 145
14 146
14 147
14 149
14 150
14 155
14 159
14 160
14 163
14 164
14 165
14 166
14 167
14 168
14 172
14 175
14 176
14 178
14 179
14 183
14 185
14 188
14 190
14 191
14 192
14 194
14 199
15 16
15 17
15 20
15 21
15 24
15 25
15 26
15 29
15 32
15 35
15 38
15 39
15 43
15 44
15 45
15 48
15 49
15 52
15 54
15 55
15 58
15 59
15 61
15 63
15 73
15 75
15 77
15 79
15 83
15 86
15 90
15 92
15 94
15 95
15 101
15 102
15 103
15 107
15 108
15 110
15 112
15 113
15 114
15 115
15 118
15 121
15 127
15 130
15 132
15 134
15 135
15 143
15 144
15 145
15 148
15 150
15 153
15 154
15 158
15 162
15 165
15 166
15 169
15 170
15 171
15 173
15 176
15 181
15 186
15 190
15 194
15 195
15 197
16 17
16 18
16 19
16 21
16 22
16 23
16 25
16 26
16 27
16 28
16 31
16 35
16 36
16 40
16 41
16 42
16 44
16 47
16 48
16 49
16 50
16 56
16 57
16 58
16 66
16 68
16 70
16 74
16 79
16 82
16 86
16 89
16 90
16 93
16 95
16 100
16 101
16 103
16 109
16 113
16 118
16 120
16 121
16 123
16 124
16 129
16 130
16 131
16 132
16 134
16 138
16 140
16 142
16 146
16 148
16 150
16 151
16 153
16 158
16 160
16 164
16 165
16 173
16 175
16 176
16 178
16 180
16 186
17 18
17 21
17 22
17 25
17 27
17 31
17 33
17 36
17 37
17 40
17 41
17 46
17 49
17 54
17 55
17 58
17 60
17 62
17 63
17 65
17 66
17 67
17 71
17 72
17 73
17 76
17 83
17 87
17 89
17 90
17 91
17 92
17 94
17 96
17 108
17 113
17 114
17 115
17 116
17 119
17 122
17 126
17 128
17 130
17 133
17 134
17 137
17 139
17 141
17 142
17 143
17 144
17 145
17 147
17 150
17 154
17 158
17 163
17 167
17 170
17 174
17 176
17 178
17 179
17 180
17 181
17 186
17 187
17 191
17 198
17 199
18 19
18 22
18 23
18 24
18 26
18 28
18 30
18 36
18 37
18 39
18 43
18 45
18 47
18 48
18 49
18 51
18 52
18 53
18 54
18 55
18 56
18 57
18 61
18 63
18 65
18 67
18 68
18 70
18 74
18 76
18 78
18 80
18 81
18 82
18 83
18 85
18 86
18 87
18 88
18 90
18 94
18 99
18 102
18 106
18 108
18 114
18 115
18 118
18 122
18 123
18 124
18 125
18 126
18 133
18 135
18 140
18 141
18 145
18 148
18 152
18 153
18 158
18 161
18 162
18 164
18 170
18 174
18 180
18 181
18 183
18 184
18 185
18 186
18 187
18 188
18 189
18 191
18 192
18 194
18 195
18 196
18 199
19 20
19 21
19 24
19 29
19 32
19 33
19 34
19 39
19 41
19 44
19 46
19 52
19 54
19 56
19 61
19 62
19 63
19 64
19 72
19 75
19 77
19 80
19 85
19 87
19 99
19 102
19 105
19 107
19 109
19 112
19 114
19 115
19 118
19 122
19 124
19 129
19 131
19 132
19 134
19 140
19 141
19 144
19 145
19 147
19 154
19 158
19 160
19 161
19 164
19 167
19 172
19 174
19 179
19 183
19 184
19 185
19 187
19 191
19 192
19 197
20 21
20 22
20 25
20 27
20 28
20 31
20 33
20 38
20 39
20 49
20 55
20 57
20 60
20 62
20 64
20 66
20 67
20 68
20 69
20 70
20 73
20 74
20 76
20 77
20 80
20 81
20 89
20 90
20 92
20 96
20 97
20 99
20 101
20 102
20 105
20 106
20 109
20 113
20 114
20 115
20 117
20 118
20 119
20 121
20 122
20 124
20 126
20 127
20 129
20 131
20 136
20 139
20 144
20 147
20 151
20 153
20 155
20 156
20 158
20 160
20 163
20 164
20 168
20 171
20 176
20 177
20 178
20 180
20 185
20 186
20 191
20 192
20 194
20 195
21 22
21 26
21 29
21 31
21 33
21 37
21 38
21 41
21 44
21 48
21 50
21 51
21 52
21 54
21 59
21 62
21 64
21 71
21 72
21 74
21 76
21 78
21 79
21 80
21 85
21 87
21 88
21 90
21 91
21 94
21 98
21 100
21 101
21 103
21 105
21 106
21 107
21 109
21 110
21 112
21 113
21 115
21 118
21 119
21 121
21 122
21 126
21 128
21 132
21 134
21 136
21 144
21 145
21 146
21 150
21 151
21 153
21 155
21 158
21 163
21 164
21 166
21 167
21 169
21 170
21 177
21 179
21 182
21 184
21 187
21 188
21 190
21 191
21 199
22 27
22 32
22 33
22 34
22 35
22 37
22 38
22 40
22 41
22 42
22 43
22 45
22 48
22 49
22 50
22 52
22 55
22 57
22 59
22 60
22 61
22 64
22 65
22 67
22 69
22 71
22 72
22 73
22 74
22 75
22 76
22 78
22 80
22 81
22 82
22 84
22 85
22 86
22 89
22 96
22 100
22 101
22 105
22 109
22 112
22 119
22 121
22 123
22 125
22 126
22 132
22 138
22 140
22 142
22 146
22 147
22 148
22 149
22 152
22 154
22 155
22 156
22 159
22 161
22 163
22 164
22 167
22 168
22 172
22 179
22 180
22 181
22 185
22 188
22 191
22 193
22 196
22 198
23 24
23 27
23 28
23 30
23 34
23 35
23 37
23 39
23 40
23 42
23 53
23 54
23 56
23 57
23 60
23 62
23 66
23 70
23 73
23 80
23 85
23 90
23 94
23 98
23 100
23 107
23 109
23 110
23 115
23 117
23 122
23 123
23 124
23 127
23 128
23 129
23 130
23 131
23 134
23 135
23 136
23 139
23 140
23 145
23 148
23 151
23 154
23 156
23 159
23 162
23 163
23 164
23 166
23 176
23 179
23 183
23 187
23 190
23 191
23 192
23 193
23 194
24 29
24 34
24 35
24 36
24 37
24 41
24 42
24 43
24 44
24 46
24 47
24 48
24 55
24 58
24 59
24 61
24 62
24 64
24 65
24 66
24 67
24 74
24 76
24 86
24 87
24 88
24 91
24 95
24 105
24 108
24 109
24 110
24 115
24 120
24 123
24 129
24 130
24 131
24 132
24 133
24 141
24 142
24 143
24 145
24 146
24 147
24 148
24 149
24 150
24 155
24 158
24 159
24 162
24 164
24 168
24 169
24 170
24 172
24 174
24 175
24 176
24 179
24 181
24 182
24 191
24 192
24 193
24 197
25 26
25 27
25 34
25 38
25 41
25 46
25 47
25 51
25 54
25 56
25 58
25 63
25 64
25 68
25 72
25 74
25 78
25 80
25 82
25 83
25 84
25 86
25 87
25 93
25 99
25 101
25 102
25 103
25 105
25 116
25 118
25 120
25 121
25 122
25 124
25 125
25 128
25 129
25 131
25 132
25 138
25 139
25 142
25 144
25 148
25 151
25 152
25 155
25 156
25 158
25 159
25 160
25 161
25 162
25 163
25 167
25 168
25 172
25 176
25 179
25 183
25 186
25 189
25 195
25 196
25 197
26 31
26 38
26 42
26 48
26 52
26 55
26 57
26 59
26 62
26 69
26 71
26 72
26 80
26 81
26 83
26 85
26 86
26 87
26 88
26 89
26 93
26 94
26 95
26 99
26 100
26 106
26 107
26 108
26 111
26 115
26 116
26 118
26 123
26 125
26 126
26 127
26 129
26 130
26 131
26 132
26 133
26 137
26 140
26 142
26 143
26 144
26 149
26 150
26 152
26 154
26 155
26 156
26 157
26 158
26 160
26 161
26 163
26 165
26 167
26 169
26 172
26 175
26 178
26 183
26 189
26 191
26 192
26 193
26 194
26 196
27 31
27 32
27 36
27 38
27 41
27 43
27 46
27 47
27 49
27 56
27 57
27 58
27 59
27 63
27 64
27 65
27 67
27 69
27 70
27 72
27 81
27 83
27 84
27 87
27 90
27 91
27 92
27 95
27 96
27 97
27 99
27 105
27 106
27 108
27 110
27 117
27 123
27 126
27 134
27 139
27 141
27 145
27 146
27 148
27 149
27 152
27 156
27 159
27 161
27 162
27 165
27 166
27 169
27 170
27 174
27 177
27 179
27 183
27 184
27 187
27 189
27 190
27 195
28 29
28 31
28 32
28 37
28 44
28 49
28 51
28 54
28 56
28 57
28 61
28 62
28 66
28 67
28 68
28 69
28 72
28 73
28 74
28 75
28 77
28 82
28 84
28 85
28 86
28 87
28 88
28 90
28 91
28 94
28 95
28 96
28 97
28 99
28 100
28 101
28 103
28 105
28 106
28 110
28 117
28 119
28 122
28 123
28 124
28 128
28 130
28 133
28 145
28 149
28 150
28 154
28 155
28 156
28 158
28 161
28 162
28 164
28 171
28 172
28 173
28 174
28 177
28 179
28 183
28 184
28 188
28 189
28 193
28 194
28 196
28 198
29 31
29 33
29 34
29 39
29 41
29 44
29 45
29 46
29 47
29 49
29 50
29 52
29 54
29 58
29 60
29 61
29 65
29 69
29 71
29 73
29 76
29 80
29 81
29 84
29 87
29 88
29 89
29 93
29 96
29 101
29 103
29 107
29 109
29 110
29 111
29 112
29 114
29 116
29 121
29 122
29 123
29 126
29 127
29 132
29 137
29 139
29 140
29 143
29 148
29 151
29 152
29 153
29 155
29 159
29 161
29 162
29 163
29 166
29 167
29 172
29 173
29 175
29 177
29 178
29 179
29 180
29 181
29 186
29 189
29 191
29 193
29 195
29 197
29 198
30 31
30 35
30 36
30 38
30 40
30 43
30 48
30 51
30 53
30 58
30 61
30 68
30 69
30 72
30 73
30 82
30 83
30 84
30 86
30 87
30 91
30 93
30 96
30 97
30 102
30 104
30 107
30 111
30 114
30 115
30 116
30 123
30 125
30 129
30 130
30 131
30 132
30 136
30 141
30 143
30 145
30 148
30 149
30 150
30 152
30 157
30 159
30 162
30 169
30 170
30 171
30 172
30 174
30 176
30 177
30 178
30 179
30 180
30 181
30 186
30 187
30 188
30 190
30 191
30 192
30 196
30 197
30 199
31 32
31 35
31 44
31 46
31 48
31 50
31 51
31 57
31 59
31 65
31 66
31 67
31 69
31 70
31 71
31 72
31 73
31 76
31 79
31 82
31 84
31 85
31 89
31 92
31 93
31 94
31 95
31 97
31 100
31 104
31 109
31 112
31 113
31 115
31 117
31 118
31 121
31 122
31 124
31 129
31 135
31 136
31 137
31 140
31 141
31 144
31 145
31 146
31 148
31 149
31 157
31 161
31 162
31 166
31 167
31 170
31 171
31 176
31 178
31 179
31 182
31 184
31 185
31 186
31 188
31 189
31 190
31 196
31 197
31 199
32 35
32 36
32 42
32 43
32 45
32 47
32 49
32 51
32 52
32 53
32 54
32 56
32 57
32 60
32 63
32 65
32 67
32 68
32 69
32 72
32 83
32 90
32 92
32 93
32 97
32 101
32 107
32 110
32 111
32 112
32 113
32 121
32 125
32 127
32 130
32 131
32 132
32 135
32 140
32 142
32 144
32 146
32 147
32 151
32 152
32 156
32 157
32 160
32 163
32 164
32 167
32 168
32 170
32 175
32 181
32 187
32 188
32 189
32 191
32 195
32 196
33 36
33 42
33 50
33 54
33 55
33 56
33 57
33 58
33 61
33 65
33 66
33 70
33 71
33 72
33 81
33 82
33 83
33 86
33 88
33 89
33 92
33 98
33 100
33 101
33 102
33 104
33 107
33 109
33 111
33 113
33 114
33 115
33 116
33 117
33 122
33 123
33 124
33 125
33 126
33 127
33 129
33 130
33 131
33 132
33 139
33 140
33 141
33 142
33 144
33 145
33 146
33 147
33 153
33 156
33 159
33 160
33 161
33 167
33 169
33 171
33 175
33 176
33 178
33 179
33 180
33 186
33 188
33 192
33 194
34 36
34 38
34 41
34 44
34 46
34 50
34 53
34 54
34 64
34 82
34 83
34 84
34 85
34 87
34 94
34 97
34 98
34 99
34 106
34 108
34 110
34 112
34 113
34 122
34 126
34 128
34 130
34 133
34 136
34 137
34 141
34 143
34 146
34 153
34 154
34 155
34 156
34 161
34 165
34 166
34 168
34 169
34 173
34 174
34 175
34 177
34 178
34 182
34 187
34 192
34 195
34 199
35 36
35 38
35 39
35 42
35 44
35 48
35 49
35 52
35 53
35 57
35 58
35 59
35 61
35 64
35 68
35 69
35 72
35 73
35 74
35 78
35 80
35 82
35 85
35 90
35 94
35 99
35 100
35 101
35 106
35 107
35 108
35 110
35 116
35 125
35 126
35 127
35 128
35 129
35 131
35 133
35 134
35 137
35 140
35 141
35 150
35 153
35 155
35 160
35 162
35 165
35 175
35 176
35 182
35 186
35 187
35 188
35 189
35 191
35 192
36 37
36 39
36 40
36 41
36 44
36 50
36 59
36 62
36 66
36 67
36 71
36 81
36 83
36 84
36 86
36 87
36 91
36 93
36 94
36 95
36 96
36 98
36 99
36 101
36 109
36 112
36 116
36 117
36 120
36 121
36 122
36 127
36 129
36 134
36 138
36 143
36 146
36 149
36 151
36 153
36 154
36 160
36 161
36 169
36 177
36 178
36 179
36 180
36 181
36 182
36 183
36 184
36 186
36 189
36 193
36 196
37 40
37 42
37 43
37 46
37 47
37 52
37 54
37 55
37 57
37 58
37 59
37 61
37 62
37 65
37 66
37 71
37 72
37 73
37 83
37 87
37 89
37 91
37 95
37 98
37 101
37 104
37 105
37 106
37 109
37 114
37 115
37 116
37 123
37 127
37 128
37 129
37 131
37 134
37 137
37 143
37 146
37 148
37 149
37 150
37 153
37 154
37 161
37 162
37 164
37 166
37 167
37 168
37 171
37 176
37 177
37 181
37 183
37 184
37 185
37 188
37 189
37 190
37 191
37 192
37 194
37 199
38 40
38 44
38 45
38 46
38 47
38 51
38 52
38 53
38 55
38 56
38 58
38 60
38 63
38 64
38 66
38 69
38 79
38 80
38 83
38 84
38 87
38 93
38 99
38 100
38 101
38 102
38 103
38 107
38 108
38 110
38 111
38 114
38 115
38 117
38 120
38 127
38 128
38 130
38 131
38 133
38 144
38 148
38 149
38 154
38 159
38 160
38 161
38 162
38 164
38 167
38 169
38 170
38 172
38 175
38 176
38 178
38 180
38 181
38 184
38 187
38 188
38 189
38 194
38 199
39 42
39 43
39 44
39 50
39 51
39 54
39 56
39 57
39 58
39 59
39 61
39 64
39 67
39 68
39 72
39 74
39 75
39 76
39 77
39 79
39 82
39 83
39 85
39 86
39 91
39 94
39 100
39 103
39 108
39 110
39 112
39 114
39 117
39 120
39 122
39 123
39 126
39 129
39 130
39 131
39 133
39 134
39 138
39 142
39 143
39 146
39 147
39 148
39 151
39 152
39 153
39 155
39 158
39 159
39 162
39 163
39 164
39 166
39 171
39 173
39 174
39 178
39 180
39 181
39 182
39 185
39 186
39 189
39 191
39 193
39 197
40 44
40 45
40 52
40 53
40 54
40 61
40 62
40 63
40 65
40 70
40 71
40 75
40 78
40 79
40 81
40 87
40 90
40 93
40 97
40 101
40 104
40 113
40 114
40 124
40 127
40 128
40 133
40 134
40 143
40 144
40 147
40 148
40 149
40 150
40 155
40 168
40 170
40 172
40 173
40 177
40 184
40 186
40 188
40 189
40 192
40 194
40 195
40 198
40 199
41 44
41 46
41 47
41 49
41 50
41 51
41 52
41 53
41 54
41 59
41 60
41 61
41 64
41 68
41 72
41 75
41 77
41 79
41 80
41 81
41 82
41 84
41 87
41 90
41 93
41 101
41 102
41 106
41 108
41 111
41 112
41 114
41 115
41 117
41 119
41 121
41 124
41 129
41 131
41 132
41 137
41 139
41 140
41 141
41 142
41 144
41 146
41 147
41 149
41 151
41 152
41 154
41 155
41 158
41 163
41 167
41 172
41 174
41 178
41 179
41 180
41 185
41 186
41 189
41 193
41 195
41 197
41 199
42 46
42 48
42 50
42 52
42 59
42 62
42 63
42 64
42 66
42 71
42 73
42 74
42 75
42 76
42 77
42 78
42 82
42 84
42 85
42 88
42 89
42 90
42 93
42 95
42 100
42 101
42 102
42 106
42 110
42 122
42 127
42 135
42 136
42 138
42 140
42 141
42 151
42 152
42 153
42 154
42 155
42 157
42 158
42 162
42 163
42 166
42 167
42 168
42 172
42 174
42 175
42 177
42 180
42 181
42 183
42 188
42 189
42 190
42 194
42 196
43 45
43 46
43 51
43 52
43 53
43 57
43 58
43 60
43 61
43 62
43 63
43 64
43 66
43 71
43 76
43 81
43 86
43 87
43 90
43 91
43 93
43 96
43 98
43 99
43 100
43 101
43 103
43 104
43 105
43 106
43 107
43 110
43 116
43 117
43 120
43 121
43 122
43 123
43 124
43 125
43 127
43 131
43 134
43 135
43 137
43 138
43 144
43 146
43 149
43 150
43 152
43 154
43 155
43 157
43 158
43 164
43 166
43 167
43 168
43 170
43 171
43 177
43 178
43 179
43 185
43 186
43 188
43 189
43 190
43 194
43 199
44 46
44 47
44 48
44 49
44 51
44 54
44 56
44 63
44 64
44 68
44 72
44 80
44 82
44 83
44 84
44 88
44 91
44 92
44 94
44 99
44 100
44 101
44 105
44 109
44 110
44 111
44 113
44 115
44 116
44 120
44 122
44 125
44 128
44 130
44 132
44 137
44 138
44 140
44 141
44 145
44 146
44 149
44 150
44 157
44 160
44 161
44 163
44 167
44 173
44 175
44 176
44 180
44 183
44 187
44 190
44 192
44 194
44 197
44 198
44 199
45 51
45 54
45 63
45 72
45 76
45 77
45 78
45 79
45 82
45 85
45 86
45 87
45 88
45 89
45 97
45 100
45 101
45 102
45 103
45 107
45 109
45 110
45 111
45 114
45 116
45 118
45 119
45 120
45 121
45 122
45 132
45 135
45 142
45 143
45 146
45 153
45 155
45 158
45 160
45 161
45 163
45 168
45 172
45 173
45 174
45 179
45 181
45 182
45 191
45 193
45 196
45 197
45 198
45 199
46 47
46 52
46 53
46 54
46 59
46 60
46 62
46 65
46 67
46 68
46 69
46 71
46 77
46 79
46 80
46 81
46 82
46 85
46 86
46 90
46 91
46 93
46 96
46 97
46 99
46 103
46 107
46 108
46 110
46 111
46 112
46 113
46 117
46 120
46 123
46 127
46 138
46 139
46 143
46 144
46 149
46 151
46 152
46 153
46 155
46 157
46 158
46 159
46 160
46 162
46 168
46 171
46 173
46 176
46 178
46 179
46 180
46 187
46 189
46 190
46 191
46 192
46 194
46 195
46 199
47 49
47 55
47 57
47 60
47 63
47 64
47 68
47 74
47 75
47 76
47 77
47 78
47 80
47 81
47 82
47 83
47 84
47 89
47 93
47 94
47 97
47 101
47 103
47 108
47 109
47 110
47 114
47 115
47 122
47 132
47 133
47 135
47 139
47 141
47 142
47 146
47 147
47 148
47 152
47 156
47 158
47 159
47 161
47 164
47 165
47 175
47 179
47 182
47 189
47 190
47 196
47 197
47 199
48 49
48 50
48 53
48 59
48 64
48 65
48 66
48 72
48 73
48 76
48 78
48 79
48 81
48 82
48 83
48 86
48 88
48 95
48 97
48 98
48 105
48 109
48 111
48 119
48 120
48 121
48 124
48 130
48 132
48 136
48 137
48 138
48 141
48 143
48 145
48 150
48 153
48 154
48 158
48 165
48 166
48 167
48 170
48 171
48 172
48 173
48 174
48 176
48 179
48 180
48 183
48 190
48 192
48 195
48 196
48 197
49 53
49 59
49 63
49 65
49 66
49 68
49 69
49 70
49 71
49 72
49 73
49 81
49 82
49 85
49 86
49 87
49 89
49 91
49 95
49 98
49 99
49 100
49 103
49 105
49 107
49 109
49 110
49 111
49 114
49 116
49 118
49 119
49 121
49 124
49 126
49 128
49 139
49 140
49 141
49 145
49 147
49 148
49 149
49 150
49 151
49 153
49 154
49 155
49 156
49 161
49 162
49 163
49 164
49 165
49 168
49 171
49 172
49 174
49 178
49 179
49 180
49 184
49 185
49 188
49 195
49 196
49 197
49 199
50 51
50 60
50 61
50 62
50 64
50 68
50 69
50 70
50 78
50 80
50 81
50 84
50 86
50 89
50 91
50 95
50 97
50 99
50 100
50 106
50 107
50 108
50 109
50 110
50 115
50 122
50 123
50 124
50 125
50 126
50 135
50 138
50 142
50 144
50 145
50 146
50 152
50 153
50 155
50 157
50 159
50 163
50 167
50 180
50 190
50 194
50 197
51 55
51 62
51 63
51 64
51 70
51 74
51 77
51 78
51 79
51 80
51 81
51 82
51 83
51 85
51 86
51 90
51 92
51 93
51 95
51 98
51 101
51 106
51 109
51 111
51 113
51 115
51 116
51 121
51 122
51 130
51 133
51 135
51 136
51 138
51 144
51 145
51 148
51 149
51 150
51 151
51 154
51 155
51 158
51 160
51 165
51 166
51 170
51 175
51 176
51 178
51 179
51 180
51 181
51 184
51 185
51 186
51 190
51 192
51 195
51 196
51 197
51 199
52 54
52 55
52 56
52 59
52 62
52 63
52 64
52 65
52 66
52 70
52 71
52 72
52 74
52 75
52 77
52 81
52 82
52 84
52 85
52 87
52 88
52 89
52 90
52 92
52 93
52 95
52 97
52 98
52 102
52 104
52 107
52 111
52 114
52 118
52 130
52 131
52 132
52 135
52 136
52 137
52 140
52 142
52 143
52 144
52 145
52 150
52 152
52 155
52 157
52 158
52 159
52 163
52 165
52 168
52 169
52 170
52 171
52 172
52 173
52 176
52 180
52 181
52 185
52 187
52 190
52 192
52 198
52 199
53 56
53 58
53 61
53 62
53 70
53 74
53 75
53 78
53 79
53 81
53 82
53 83
53 85
53 97
53 99
53 100
53 103
53 104
53 105
53 107
53 108
53 109
53 112
53 118
53 121
53 124
53 125
53 128
53 134
53 136
53 139
53 140
53 143
53 144
53 149
53 150
53 155
53 156
53 159
53 161
53 165
53 168
53 173
53 174
53 177
53 178
53 185
53 186
53 188
53 191
53 194
53 195
53 196
53 198
54 55
54 58
54 61
54 62
54 64
54 65
54 69
54 79
54 80
54 83
54 87
54 88
54 91
54 93
54 96
54 97
54 103
54 106
54 111
54 112
54 115
54 116
54 119
54 122
54 123
54 124
54 125
54 127
54 129
54 133
54 134
54 143
54 144
54 146
54 148
54 154
54 155
54 158
54 164
54 166
54 167
54 168
54 169
54 170
54 171
54 177
54 178
54 179
54 180
54 184
54 186
54 188
54 189
54 190
54 191
54 194
54 199
55 56
55 57
55 61
55 62
55 65
55 69
55 71
55 72
55 73
55 74
55 81
55 84
55 85
55 86
55 90
55 92
55 93
55 96
55 97
55 100
55 103
55 105
55 106
55 107
55 111
55 112
55 116
55 120
55 123
55 124
55 125
55 131
55 134
55 136
55 137
55 140
55 141
55 142
55 144
55 147
55 148
55 153
55 154
55 156
55 157
55 161
55 164
55 166
55 168
55 170
55 171
55 173
55 174
55 181
55 185
55 186
55 194
56 59
56 61
56 63
56 64
56 67
56 70
56 71
56 73
56 76
56 80
56 81
56 82
56 83
56 84
56 86
56 88
56 89
56 90
56 93
56 95
56 97
56 99
56 100
56 101
56 103
56 104
56 106
56 107
56 108
56 109
56 110
56 111
56 114
56 116
56 117
56 118
56 119
56 123
56 125
56 126
56 130
56 135
56 138
56 140
56 147
56 149
56 152
56 153
56 154
56 157
56 159
56 160
56 164
56 165
56 169
56 170
56 174
56 177
56 179
56 185
56 186
56 187
56 189
56 192
56 193
56 195
56 197
56 199
57 59
57 61
57 63
57 66
57 69
57 70
57 72
57 76
57 82
57 83
57 84
57 88
57 90
57 91
57 94
57 95
57 99
57 100
57 102
57 104
57 105
57 106
57 107
57 109
57 113
57 115
57 117
57 127
57 131
57 132
57 133
57 134
57 139
57 141
57 143
57 149
57 153
57 154
57 157
57 160
57 162
57 167
57 168
57 169
57 173
57 180
57 181
57 185
57 189
57 190
57 195
57 197
57 198
57 199
58 67
58 68
58 69
58 71
58 75
58 76
58 82
58 83
58 89
58 94
58 99
58 101
58 102
58 103
58 106
58 107
58 112
58 115
58 121
58 124
58 125
58 128
58 131
58 133
58 134
58 138
58 139
58 141
58 142
58 143
58 147
58 149
58 150
58 152
58 153
58 156
58 158
58 159
58 160
58 164
58 165
58 177
58 178
58 180
58 182
58 186
58 191
58 192
58 193
58 194
58 195
58 196
58 199
59 60
59 62
59 65
59 69
59 70
59 71
59 80
59 82
59 84
59 87
59 95
59 98
59 100
59 103
59 108
59 109
59 110
59 115
59 117
59 120
59 123
59 124
59 125
59 126
59 127
59 128
59 129
59 131
59 132
59 137
59 140
59 141
59 145
59 146
59 148
59 151
59 152
59 155
59 156
59 159
59 160
59 161
59 165
59 166
59 170
59 171
59 172
59 173
59 176
59 177
59 179
59 180
59 182
59 183
59 185
59 186
59 187
59 188
59 191
59 194
59 196
59 198
60 63
60 64
60 66
60 67
60 73
60 78
60 82
60 83
60 85
60 87
60 92
60 97
60 101
60 105
60 106
60 107
60 108
60 112
60 114
60 116
60 117
60 118
60 119
60 120
60 122
60 124
60 126
60 128
60 130
60 131
60 134
60 135
60 136
60 141
60 142
60 145
60 146
60 147
60 149
60 152
60 159
60 162
60 164
60 165
60 166
60 167
60 169
60 174
60 175
60 176
60 177
60 178
60 180
60 181
60 182
60 183
60 184
60 185
60 187
60 188
60 191
60 197
61 62
61 64
61 66
61 70
61 72
61 78
61 79
61 82
61 87
61 88
61 89
61 90
61 92
61 94
61 103
61 105
61 114
61 118
61 120
61 121
61 123
61 128
61 129
61 130
61 131
61 135
61 137
61 138
61 139
61 140
61 142
61 144
61 150
61 151
61 152
61 153
61 155
61 156
61 160
61 167
61 168
61 170
61 172
61 185
61 189
61 198
61 199
62 66
62 69
62 71
62 72
62 73
62 76
62 82
62 83
62 84
62 87
62 88
62 89
62 92
62 96
62 97
62 100
62 102
62 105
62 108
62 111
62 112
62 115
62 118
62 132
62 133
62 140
62 143
62 144
62 147
62 148
62 150
62 153
62 154
62 157
62 159
62 160
62 164
62 165
62 167
62 169
62 171
62 173
62 175
62 179
62 181
62 183
62 190
62 192
62 193
62 194
62 196
63 64
63 65
63 66
63 69
63 70
63 73
63 74
63 76
63 79
63 80
63 86
63 87
63 91
63 93
63 96
63 97
63 101
63 102
63 103
63 104
63 107
63 111
63 112
63 115
63 116
63 118
63 119
63 121
63 129
63 131
63 132
63 133
63 134
63 137
63 139
63 140
63 142
63 143
63 146
63 148
63 149
63 150
63 153
63 154
63 155
63 156
63 157
63 160
63 163
63 166
63 167
63 168
63 171
63 173
63 179
63 187
63 188
63 190
63 191
63 192
63 195
64 65
64 67
64 69
64 70
64 74
64 75
64 79
64 80
64 85
64 86
64 89
64 93
64 94
64 95
64 99
64 100
64 103
64 104
64 110
64 111
64 112
64 113
64 117
64 119
64 120
64 122
64 123
64 124
64 126
64 127
64 128
64 130
64 132
64 134
64 137
64 138
64 141
64 143
64 144
64 150
64 152
64 153
64 154
64 156
64 157
64 161
64 163
64 165
64 166
64 167
64 168
64 171
64 172
64 173
64 174
64 181
64 182
64 183
64 184
64 186
64 191
64 192
64 194
64 196
64 197
64 198
64 199
65 67
65 69
65 71
65 73
65 76
65 79
65 82
65 83
65 84
65 86
65 87
65 88
65 89
65 90
65 92
65 93
65 99
65 100
65 101
65 103
65 104
65 106
65 108
65 113
65 114
65 119
65 120
65 121
65 125
65 130
65 131
65 136
65 140
65 142
65 143
65 144
65 145
65 146
65 147
65 150
65 153
65 157
65 158
65 162
65 163
65 164
65 165
65 171
65 175
65 176
65 177
65 178
65 180
65 181
65 182
65 184
65 185
65 186
65 192
65 196
65 198
65 199
66 67
66 69
66 70
66 72
66 78
66 79
66 87
66 89
66 90
66 92
66 96
66 99
66 101
66 107
66 109
66 110
66 113
66 115
66 116
66 118
66 119
66 122
66 123
66 126
66 127
66 128
66 129
66 131
66 133
66 144
66 145
66 146
66 148
66 149
66 151
66 153
66 154
66 156
66 157
66 158
66 160
66 161
66 162
66 168
66 172
66 173
66 174
66 175
66 176
66 177
66 178
66 180
66 182
66 183
66 184
66 187
66 193
66 194
66 195
66 198
66 199
67 68
67 69
67 71
67 72
67 75
67 76
67 77
67 78
67 81
67 82
67 89
67 90
67 91
67 93
67 96
67 97
67 102
67 105
67 108
67 109
67 112
67 116
67 121
67 126
67 129
67 130
67 132
67 136
67 137
67 140
67 141
67 144
67 146
67 148
67 150
67 152
67 155
67 156
67 159
67 161
67 163
67 164
67 166
67 168
67 169
67 170
67 172
67 175
67 178
67 180
67 181
67 182
67 183
67 184
67 185
67 188
67 189
67 191
67 192
67 193
67 194
67 195
67 196
67 197
68 69
68 71
68 72
68 73
68 75
68 77
68 79
68 80
68 82
68 84
68 85
68 86
68 91
68 93
68 96
68 101
68 107
68 108
68 109
68 110
68 112
68 114
68 115
68 117
68 118
68 125
68 126
68 127
68 129
68 131
68 133
68 134
68 136
68 140
68 142
68 144
68 145
68 146
68 147
68 149
68 155
68 157
68 158
68 162
68 164
68 165
68 167
68 169
68 172
68 175
68 176
68 180
68 183
68 184
68 186
68 187
68 190
68 191
68 192
68 193
68 194
68 199
69 71
69 72
69 76
69 79
69 80
69 81
69 87
69 88
69 91
69 93
69 95
69 97
69 99
69 103
69 105
69 107
69 112
69 115
69 116
69 117
69 118
69 120
69 125
69 127
69 129
69 132
69 133
69 138
69 139
69 141
69 142
69 143
69 155
69 159
69 160
69 162
69 163
69 167
69 170
69 171
69 173
69 177
69 178
69 180
69 181
69 183
69 185
69 188
69 189
69 191
69 193
70 77
70 79
70 80
70 81
70 82
70 85
70 89
70 94
70 95
70 97
70 104
70 105
70 106
70 107
70 108
70 109
70 112
70 113
70 123
70 125
70 127
70 130
70 135
70 136
70 137
70 139
70 141
70 144
70 146
70 148
70 150
70 154
70 155
70 157
70 159
70 160
70 166
70 170
70 171
70 172
70 174
70 181
70 187
70 189
70 191
70 192
70 193
71 77
71 78
71 82
71 84
71 85
71 89
71 91
71 94
71 95
71 96
71 98
71 103
71 106
71 107
71 108
71 111
71 112
71 114
71 115
71 117
71 119
71 120
71 124
71 126
71 128
71 129
71 135
71 136
71 137
71 138
71 142
71 146
71 150
71 151
71 158
71 159
71 165
71 170
71 174
71 179
71 183
71 184
71 187
71 191
71 196
71 197
71 198
71 199
72 77
72 79
72 80
72 82
72 83
72 85
72 87
72 89
72 91
72 94
72 97
72 98
72 106
72 107
72 108
72 111
72 113
72 114
72 115
72 118
72 121
72 122
72 123
72 125
72 127
72 128
72 133
72 137
72 139
72 149
72 150
72 154
72 155
72 160
72 161
72 162
72 163
72 164
72 168
72 169
72 173
72 176
72 178
72 179
72 180
72 181
72 182
72 183
72 185
72 187
72 188
72 191
72 195
72 196
72 198
73 75
73 77
73 79
73 80
73 81
73 82
73 83
73 85
73 88
73 96
73 100
73 104
73 105
73 108
73 111
73 113
73 114
73 117
73 118
73 123
73 130
73 134
73 137
73 142
73 143
73 144
73 145
73 151
73 153
73 156
73 157
73 164
73 171
73 177
73 182
73 183
73 186
73 188
73 191
73 194
73 195
73 198
74 78
74 79
74 80
74 81
74 82
74 85
74 89
74 91
74 94
74 95
74 97
74 98
74 100
74 102
74 106
74 108
74 111
74 113
74 114
74 116
74 117
74 118
74 119
74 120
74 124
74 125
74 126
74 132
74 133
74 136
74 137
74 139
74 143
74 146
74 148
74 150
74 152
74 153
74 154
74 156
74 159
74 160
74 164
74 165
74 168
74 171
74 175
74 176
74 177
74 184
74 185
74 188
74 189
74 191
74 192
74 194
74 196
74 197
74 198
74 199
75 76
75 78
75 80
75 82
75 83
75 85
75 87
75 88
75 90
75 92
75 104
75 105
75 106
75 108
75 110
75 112
75 115
75 117
75 121
75 122
75 123
75 126
75 127
75 128
75 131
75 132
75 133
75 137
75 139
75 143
75 146
75 147
75 148
75 151
75 155
75 160
75 165
75 167
75 168
75 170
75 175
75 179
75 181
75 184
75 191
75 196
75 197
75 198
76 79
76 80
76 82
76 84
76 86
76 88
76 89
76 91
76 97
76 100
76 102
76 104
76 108
76 109
76 113
76 115
76 116
76 117
76 118
76 125
76 128
76 130
76 136
76 139
76 140
76 145
76 146
76 147
76 150
76 153
76 155
76 158
76 159
76 163
76 164
76 165
76 166
76 168
76 176
76 177
76 181
76 182
76 183
76 192
76 193
76 196
76 197
77 80
77 82
77 83
77 86
77 93
77 95
77 96
77 99
77 101
77 104
77 108
77 111
77 115
77 118
77 123
77 125
77 127
77 128
77 129
77 130
77 138
77 143
77 144
77 147
77 155
77 156
77 158
77 160
77 163
77 164
77 165
77 166
77 168
77 169
77 172
77 174
77 179
77 181
77 182
77 184
77 185
77 187
77 188
77 190
77 191
77 194
77 195
77 198
78 80
78 82
78 87
78 88
78 90
78 97
78 99
78 102
78 103
78 104
78 108
78 110
78 111
78 112
78 114
78 115
78 116
78 117
78 124
78 125
78 127
78 128
78 129
78 130
78 132
78 133
78 138
78 139
78 141
78 142
78 144
78 145
78 146
78 148
78 150
78 153
78 156
78 159
78 165
78 166
78 168
78 171
78 172
78 174
78 176
78 177
78 179
78 183
78 184
78 192
78 193
78 196
78 197
79 80
79 83
79 84
79 86
79 87
79 89
79 94
79 95
79 96
79 98
79 99
79 100
79 101
79 102
79 107
79 111
79 112
79 119
79 120
79 122
79 128
79 129
79 131
79 133
79 135
79 139
79 140
79 141
79 142
79 143
79 146
79 150
79 151
79 153
79 154
79 155
79 157
79 160
79 166
79 168
79 175
79 177
79 179
79 180
79 183
79 185
79 186
79 190
79 191
79 192
79 194
79 197
79 199
80 84
80 85
80 86
80 88
80 89
80 91
80 92
80 96
80 98
80 100
80 106
80 107
80 110
80 111
80 112
80 114
80 115
80 117
80 121
80 128
80 130
80 131
80 137
80 139
80 140
80 145
80 150
80 151
80 152
80 153
80 154
80 155
80 159
80 163
80 165
80 167
80 169
80 170
80 175
80 182
80 183
80 185
80 186
80 189
80 191
80 194
80 196
81 84
81 88
81 91
81 93
81 94
81 96
81 99
81 102
81 107
81 108
81 109
81 112
81 115
81 118
81 122
81 126
81 127
81 131
81 132
81 134
81 136
81 137
81 138
81 141
81 142
81 145
81 148
81 153
81 155
81 159
81 163
81 164
81 165
81 166
81 168
81 169
81 173
81 174
81 175
81 177
81 178
81 183
81 186
81 187
81 188
81 191
81 192
81 194
81 198
82 83
82 84
82 87
82 91
82 93
82 94
82 100
82 101
82 103
82 105
82 107
82 109
82 114
82 117
82 119
82 124
82 128
82 132
82 133
82 134
82 136
82 138
82 141
82 144
82 145
82 151
82 152
82 159
82 160
82 161
82 167
82 169
82 170
82 171
82 174
82 175
82 177
82 183
82 198
83 85
83 87
83 88
83 91
83 92
83 93
83 95
83 100
83 101
83 102
83 103
83 106
83 108
83 113
83 114
83 117
83 118
83 119
83 120
83 121
83 122
83 123
83 124
83 136
83 139
83 144
83 146
83 150
83 155
83 161
83 162
83 163
83 171
83 178
83 179
83 184
83 185
83 186
83 188
83 192
83 199
84 92
84 93
84 98
84 100
84 104
84 109
84 111
84 113
84 120
84 121
84 123
84 131
84 134
84 145
84 146
84 148
84 150
84 156
84 157
84 159
84 160
84 162
84 164
84 168
84 173
84 174
84 198
85 87
85 88
85 89
85 91
85 92
85 93
85 94
85 96
85 97
85 98
85 102
85 105
85 106
85 107
85 112
85 113
85 117
85 120
85 122
85 127
85 130
85 132
85 135
85 136
85 138
85 139
85 147
85 150
85 152
85 157
85 159
85 163
85 165
85 167
85 175
85 177
85 178
85 180
85 182
85 183
85 184
85 191
85 193
85 196
85 197
86 93
86 94
86 96
86 97
86 98
86 105
86 109
86 115
86 119
86 125
86 127
86 136
86 141
86 142
86 144
86 145
86 148
86 151
86 158
86 160
86 162
86 165
86 166
86 170
86 171
86 173
86 176
86 178
86 183
86 184
86 186
86 193
86 194
86 196
87 88
87 91
87 92
87 93
87 100
87 103
87 104
87 109
87 110
87 111
87 112
87 116
87 118
87 122
87 133
87 135
87 143
87 146
87 152
87 153
87 155
87 157
87 159
87 160
87 166
87 168
87 170
87 172
87 173
87 182
87 183
87 185
87 186
87 189
87 192
87 193
87 194
87 198
88 89
88 90
88 93
88 100
88 103
88 104
88 105
88 106
88 108
88 110
88 113
88 116
88 117
88 122
88 126
88 127
88 128
88 133
88 134
88 135
88 137
88 138
88 144
88 147
88 148
88 150
88 153
88 154
88 156
88 160
88 162
88 163
88 171
88 173
88 175
88 177
88 178
88 180
88 184
88 187
88 189
88 190
88 193
88 194
88 195
88 196
89 90
89 91
89 92
89 93
89 94
89 96
89 98
89 100
89 103
89 107
89 110
89 113
89 114
89 116
89 118
89 120
89 122
89 131
89 132
89 134
89 138
89 141
89 143
89 144
89 152
89 153
89 156
89 157
89 158
89 159
89 160
89 163
89 167
89 168
89 169
89 175
89 176
89 181
89 182
89 183
89 185
89 187
89 188
89 189
89 194
89 197
90 92
90 93
90 95
90 101
90 102
90 105
90 107
90 109
90 110
90 111
90 113
90 115
90 118
90 122
90 125
90 129
90 132
90 133
90 136
90 138
90 139
90 140
90 145
90 146
90 149
90 156
90 158
90 159
90 160
90 163
90 165
90 171
90 174
90 175
90 178
90 181
90 185
90 187
90 190
90 192
90 196
90 197
90 199
91 93
91 98
91 100
91 101
91 103
91 104
91 108
91 111
91 113
91 120
91 122
91 123
91 124
91 125
91 127
91 128
91 132
91 135
91 136
91 139
91 142
91 147
91 157
91 158
91 159
91 160
91 161
91 163
91 167
91 169
91 171
91 173
91 174
91 176
91 177
91 178
91 181
91 184
91 185
91 187
91 194
92 93
92 98
92 99
92 100
92 104
92 105
92 106
92 108
92 116
92 117
92 118
92 124
92 125
92 130
92 136
92 138
92 139
92 140
92 142
92 143
92 144
92 145
92 146
92 148
92 152
92 154
92 159
92 161
92 165
92 180
92 182
92 189
92 192
92 193
92 194
92 195
92 196
92 198
92 199
93 94
93 95
93 97
93 98
93 99
93 101
93 110
93 111
93 113
93 114
93 118
93 121
93 124
93 125
93 127
93 129
93 131
93 132
93 134
93 135
93 137
93 141
93 144
93 146
93 148
93 149
93 151
93 152
93 153
93 155
93 158
93 161
93 165
93 168
93 169
93 171
93 176
93 178
93 180
93 182
93 183
93 186
93 187
93 189
93 193
93 194
93 195
93 197
93 198
94 99
94 101
94 105
94 109
94 111
94 112
94 116
94 117
94 118
94 125
94 126
94 131
94 132
94 137
94 138
94 141
94 142
94 143
94 152
94 158
94 160
94 163
94 166
94 168
94 169
94 174
94 175
94 176
94 177
94 179
94 184
94 192
94 196
94 199
95 98
95 99
95 105
95 109
95 110
95 113
95 116
95 120
95 121
95 123
95 124
95 125
95 130
95 131
95 134
95 137
95 138
95 139
95 140
95 141
95 145
95 153
95 155
95 157
95 166
95 167
95 168
95 171
95 176
95 177
95 178
95 181
95 183
95 184
95 189
95 190
95 192
95 193
95 196
95 197
95 199
96 98
96 100
96 103
96 104
96 105
96 108
96 110
96 113
96 114
96 115
96 116
96 124
96 125
96 126
96 129
96 133
96 139
96 143
96 145
96 147
96 154
96 159
96 164
96 166
96 168
96 169
96 170
96 174
96 178
96 179
96 190
96 192
96 193
97 101
97 105
97 107
97 110
97 111
97 115
97 116
97 117
97 121
97 124
97 125
97 126
97 128
97 130
97 131
97 132
97 135
97 136
97 139
97 146
97 147
97 148
97 149
97 150
97 151
97 153
97 157
97 158
97 159
97 160
97 161
97 162
97 165
97 171
97 174
97 177
97 181
97 182
97 187
97 188
97 190
97 196
97 198
98 100
98 101
98 104
98 107
98 108
98 110
98 112
98 116
98 118
98 123
98 128
98 130
98 132
98 133
98 135
98 145
98 147
98 148
98 150
98 156
98 160
98 163
98 164
98 166
98 167
98 168
98 169
98 172
98 174
98 177
98 178
98 182
98 183
98 185
98 187
98 191
98 192
98 196
98 198
99 102
99 104
99 105
99 106
99 107
99 110
99 120
99 123
99 126
99 128
99 130
99 135
99 141
99 143
99 146
99 147
99 150
99 153
99 156
99 158
99 160
99 161
99 162
99 164
99 165
99 167
99 169
99 174
99 175
99 178
99 179
99 182
99 183
99 192
99 193
99 197
99 198
99 199
100 107
100 108
100 109
100 112
100 114
100 117
100 126
100 130
100 132
100 133
100 135
100 137
100 139
100 143
100 147
100 148
100 150
100 153
100 154
100 155
100 156
100 159
100 163
100 168
100 172
100 176
100 177
100 178
100 179
100 180
100 181
100 183
100 188
100 190
100 192
100 194
100 197
101 103
101 104
101 105
101 107
101 108
101 113
101 115
101 118
101 119
101 122
101 133
101 137
101 140
101 146
101 147
101 152
101 154
101 155
101 157
101 159
101 163
101 164
101 168
101 169
101 174
101 177
101 179
101 180
101 181
101 183
101 186
101 187
101 189
101 190
101 193
101 196
101 197
102 103
102 104
102 107
102 109
102 113
102 114
102 115
102 116
102 118
102 119
102 120
102 121
102 122
102 125
102 130
102 131
102 136
102 139
102 140
102 143
102 144
102 150
102 152
102 159
102 162
102 166
102 169
102 171
102 175
102 178
102 179
102 180
102 182
102 184
102 187
102 188
102 192
102 193
102 198
103 104
103 105
103 107
103 108
103 109
103 111
103 115
103 116
103 118
103 119
103 121
103 122
103 126
103 128
103 129
103 132
103 137
103 138
103 142
103 146
103 147
103 149
103 150
103 152
103 153
103 154
103 158
103 160
103 162
103 163
103 164
103 169
103 171
103 172
103 174
103 177
103 180
103 182
103 183
103 187
103 190
103 191
103 195
104 105
104 107
104 108
104 110
104 113
104 115
104 119
104 120
104 122
104 125
104 126
104 128
104 132
104 133
104 134
104 139
104 140
104 143
104 145
104 151
104 152
104 155
104 158
104 161
104 162
104 163
104 164
104 166
104 167
104 168
104 169
104 171
104 174
104 182
104 184
104 188
104 190
104 191
104 193
104 195
104 199
105 106
105 107
105 108
105 111
105 112
105 113
105 114
105 115
105 119
105 121
105 123
105 130
105 131
105 132
105 133
105 134
105 135
105 136
105 137
105 139
105 140
105 141
105 142
105 143
105 151
105 152
105 153
105 155
105 162
105 163
105 165
105 166
105 167
105 169
105 172
105 175
105 180
105 181
105 183
105 189
105 192
105 193
106 110
106 114
106 115
106 122
106 127
106 130
106 135
106 136
106 137
106 139
106 141
106 142
106 144
106 146
106 147
106 149
106 150
106 151
106 152
106 162
106 165
106 168
106 169
106 175
106 180
106 181
106 183
106 190
106 191
106 193
106 195
106 197
106 198
106 199
107 113
107 117
107 120
107 127
107 128
107 129
107 131
107 132
107 136
107 138
107 139
107 141
107 143
107 145
107 146
107 151
107 153
107 155
107 156
107 157
107 158
107 160
107 161
107 162
107 164
107 165
107 166
107 170
107 171
107 175
107 179
107 183
107 184
107 187
107 192
107 193
107 194
107 199
108 109
108 115
108 116
108 117
108 124
108 128
108 129
108 132
108 136
108 137
108 142
108 143
108 146
108 152
108 162
108 163
108 165
108 167
108 171
108 172
108 173
108 174
108 176
108 177
108 181
108 184
108 187
108 191
108 192
108 194
108 196
108 197
108 198
109 110
109 111
109 113
109 114
109 115
109 120
109 121
109 122
109 124
109 129
109 132
109 134
109 136
109 137
109 138
109 142
109 143
109 144
109 145
109 147
109 150
109 151
109 154
109 155
109 156
109 159
109 161
109 162
109 165
109 166
109 167
109 169
109 170
109 171
109 173
109 174
109 177
109 181
109 182
109 186
109 189
109 190
109 192
109 193
109 196
109 199
110 113
110 116
110 122
110 126
110 135
110 136
110 139
110 141
110 142
110 145
110 148
110 149
110 152
110 154
110 156
110 158
110 163
110 164
110 166
110 167
110 168
110 172
110 174
110 176
110 179
110 182
110 183
110 186
110 187
110 189
110 193
110 196
110 197
110 199
111 116
111 117
111 118
111 121
111 122
111 127
111 128
111 132
111 137
111 142
111 145
111 146
111 150
111 151
111 152
111 153
111 157
111 158
111 160
111 162
111 163
111 167
111 168
111 170
111 172
111 173
111 174
111 176
111 179
111 180
111 181
111 182
111 184
111 185
111 187
111 191
111 192
112 115
112 116
112 118
112 121
112 123
112 125
112 126
112 130
112 131
112 132
112 135
112 136
112 138
112 139
112 141
112 142
112 144
112 147
112 148
112 149
112 151
112 153
112 158
112 160
112 161
112 162
112 166
112 168
112 169
112 170
112 174
112 176
112 177
112 183
112 186
112 187
112 188
112 192
112 194
112 197
113 114
113 115
113 116
113 117
113 118
113 120
113 122
113 123
113 127
113 128
113 132
113 136
113 143
113 148
113 149
113 150
113 158
113 159
113 162
113 168
113 169
113 170
113 171
113 172
113 173
113 176
113 182
113 190
113 191
113 192
113 193
113 197
114 124
114 128
114 129
114 130
114 135
114 140
114 154
114 155
114 156
114 158
114 161
114 163
114 164
114 168
114 178
114 183
114 186
114 189
114 194
115 116
115 117
115 122
115 124
115 126
115 127
115 129
115 132
115 133
115 135
115 139
115 145
115 148
115 149
115 150
115 151
115 152
115 167
115 170
115 171
115 173
115 174
115 175
115 176
115 177
115 178
115 182
115 186
115 187
115 188
115 189
115 190
115 191
115 194
116 120
116 121
116 122
116 124
116 125
116 126
116 131
116 137
116 140
116 144
116 145
116 146
116 149
116 151
116 152
116 153
116 155
116 157
116 158
116 159
116 163
116 167
116 168
116 171
116 176
116 177
116 180
116 182
116 185
116 186
116 191
116 194
116 196
116 199
117 118
117 120
117 123
117 124
117 130
117 135
117 138
117 140
117 145
117 146
117 148
117 156
117 160
117 163
117 168
117 169
117 171
117 174
117 175
117 176
117 179
117 180
117 181
117 182
117 186
117 187
117 192
117 195
117 196
117 197
117 199
118 119
118 121
118 123
118 126
118 128
118 131
118 133
118 134
118 136
118 145
118 146
118 149
118 154
118 155
118 160
118 165
118 167
118 168
118 172
118 173
118 174
118 176
118 179
118 181
118 183
118 187
118 193
118 195
118 197
118 198
119 122
119 123
119 124
119 127
119 133
119 135
119 137
119 138
119 142
119 143
119 146
119 152
119 154
119 155
119 156
119 160
119 161
119 162
119 163
119 164
119 166
119 169
119 172
119 174
119 176
119 182
119 185
119 186
119 191
119 193
119 194
119 196
120 122
120 124
120 127
120 130
120 134
120 137
120 139
120 140
120 143
120 147
120 149
120 158
120 159
120 160
120 161
120 162
120 164
120 165
120 166
120 167
120 170
120 176
120 178
120 180
120 183
120 186
120 192
120 195
120 198
121 122
121 128
121 129
121 130
121 131
121 135
121 136
121 137
121 141
121 144
121 145
121 147
121 150
121 153
121 154
121 159
121 160
121 163
121 165
121 166
121 170
121 172
121 173
121 174
121 178
121 181
121 182
121 184
121 187
121 193
121 195
121 197
122 125
122 128
122 137
122 139
122 141
122 143
122 146
122 151
122 152
122 155
122 157
122 160
122 161
122 162
122 166
122 167
122 169
122 172
122 175
122 178
122 181
122 183
122 184
122 185
122 186
122 187
122 189
122 194
122 195
122 196
122 199
123 124
123 125
123 126
123 129
123 134
123 136
123 142
123 144
123 148
123 150
123 152
123 156
123 158
123 165
123 168
123 170
123 171
123 172
123 176
123 178
123 180
123 182
123 183
123 185
123 186
123 188
123 194
123 198
124 129
124 130
124 131
124 132
124 133
124 136
124 137
124 138
124 140
124 142
124 143
124 145
124 147
124 150
124 151
124 153
124 154
124 155
124 160
124 161
124 162
124 168
124 171
124 172
124 176
124 177
124 181
124 182
124 188
124 189
124 192
124 194
124 195
124 199
125 131
125 132
125 135
125 136
125 138
125 139
125 140
125 142
125 145
125 146
125 148
125 152
125 153
125 155
125 162
125 163
125 165
125 168
125 169
125 172
125 178
125 184
125 185
125 188
125 192
125 193
125 199
126 127
126 128
126 130
126 132
126 133
126 134
126 136
126 141
126 144
126 145
126 148
126 149
126 151
126 152
126 154
126 157
126 159
126 162
126 163
126 165
126 168
126 170
126 175
126 178
126 179
126 180
126 182
126 185
126 188
126 189
126 198
127 128
127 130
127 134
127 137
127 138
127 139
127 140
127 141
127 143
127 145
127 147
127 148
127 150
127 159
127 163
127 166
127 167
127 168
127 172
127 174
127 178
127 188
127 189
127 191
127 192
127 193
127 194
127 198
127 199
128 131
128 135
128 136
128 137
128 138
128 139
128 141
128 147
128 148
128 149
128 152
128 154
128 156
128 160
128 162
128 164
128 165
128 166
128 167
128 168
128 170
128 171
128 173
128 179
128 180
128 185
128 191
128 192
128 194
128 195
128 196
128 197
128 198
128 199
129 131
129 133
129 136
129 137
129 139
129 143
129 144
129 145
129 146
129 148
129 149
129 153
129 157
129 158
129 164
129 166
129 167
129 170
129 172
129 173
129 175
129 178
129 181
129 185
129 193
129 195
129 197
130 131
130 134
130 135
130 139
130 142
130 144
130 145
130 148
130 151
130 154
130 155
130 156
130 157
130 160
130 163
130 164
130 165
130 166
130 171
130 173
130 176
130 177
130 180
130 181
130 183
130 184
130 189
130 190
130 192
130 193
130 195
131 133
131 134
131 136
131 137
131 145
131 147
131 148
131 149
131 151
131 152
131 155
131 159
131 160
131 161
131 163
131 168
131 169
131 170
131 171
131 172
131 177
131 178
131 179
131 180
131 185
131 186
131 189
131 192
131 196
131 199
132 134
132 135
132 139
132 145
132 147
132 148
132 153
132 155
132 156
132 158
132 160
132 165
132 166
132 169
132 171
132 177
132 181
132 182
132 183
132 186
132 187
132 190
132 193
132 194
132 197
132 199
133 136
133 139
133 146
133 150
133 151
133 152
133 154
133 156
133 157
133 160
133 164
133 166
133 167
133 176
133 179
133 182
133 183
133 189
133 190
133 193
133 195
133 196
133 198
134 137
134 139
134 140
134 141
134 142
134 143
134 147
134 148
134 151
134 153
134 154
134 159
134 161
134 162
134 165
134 168
134 171
134 172
134 173
134 174
134 176
134 178
134 179
134 180
134 181
134 184
134 187
134 189
134 191
134 194
135 136
135 138
135 139
135 140
135 141
135 142
135 147
135 148
135 150
135 152
135 153
135 155
135 157
135 162
135 163
135 165
135 166
135 167
135 169
135 171
135 174
135 178
135 179
135 180
135 181
135 185
135 186
135 188
135 190
135 195
136 140
136 147
136 148
136 150
136 154
136 156
136 157
136 158
136 159
136 160
136 161
136 162
136 163
136 164
136 165
136 171
136 173
136 178
136 180
136 183
136 184
136 187
136 188
136 189
136 190
136 192
136 197
136 198
136 199
137 138
137 139
137 140
137 141
137 142
137 144
137 149
137 150
137 151
137 152
137 153
137 155
137 156
137 157
137 158
137 159
137 161
137 163
137 164
137 168
137 170
137 171
137 174
137 183
137 184
137 185
137 187
137 188
137 191
137 192
137 193
137 194
137 196
137 197
137 199
138 140
138 141
138 145
138 146
138 147
138 149
138 150
138 152
138 154
138 156
138 165
138 167
138 171
138 172
138 173
138 176
138 177
138 178
138 181
138 183
138 184
138 186
138 188
138 189
138 192
138 194
138 195
138 196
138 198
138 199
139 141
139 145
139 148
139 152
139 153
139 154
139 156
139 158
139 160
139 161
139 167
139 172
139 174
139 178
139 182
139 183
139 188
139 189
139 194
139 197
139 199
140 141
140 142
140 143
140 144
140 145
140 147
140 153
140 154
140 156
140 157
140 159
140 162
140 167
140 169
140 172
140 174
140 177
140 179
140 182
140 185
140 186
140 187
140 189
140 191
140 193
140 194
140 196
140 197
141 142
141 143
141 145
141 148
141 154
141 155
141 159
141 164
141 165
141 168
141 169
141 173
141 177
141 179
141 182
141 190
141 194
141 196
141 197
141 199
142 143
142 149
142 151
142 157
142 162
142 164
142 165
142 169
142 177
142 183
142 184
142 186
142 194
143 146
143 149
143 150
143 152
143 153
143 164
143 165
143 166
143 167
143 169
143 170
143 173
143 174
143 176
143 178
143 180
143 181
143 185
143 192
143 193
143 194
144 147
144 148
144 149
144 150
144 153
144 157
144 159
144 160
144 161
144 162
144 164
144 165
144 166
144 172
144 174
144 182
144 183
144 185
144 187
144 190
144 192
144 194
144 195
144 197
144 199
145 148
145 149
145 152
145 154
145 155
145 157
145 160
145 168
145 171
145 174
145 175
145 176
145 178
145 180
145 183
145 185
145 187
145 189
145 194
145 196
145 199
146 148
146 150
146 153
146 155
146 161
146 164
146 169
146 170
146 171
146 172
146 174
146 175
146 177
146 179
146 181
146 185
146 188
146 190
146 191
146 193
146 194
146 199
147 148
147 153
147 155
147 156
147 157
147 158
147 159
147 161
147 162
147 163
147 164
147 166
147 169
147 171
147 172
147 173
147 175
147 176
147 177
147 178
147 179
147 182
147 186
147 188
147 190
147 194
147 198
147 199
148 149
148 150
148 152
148 153
148 156
148 157
148 158
148 159
148 161
148 162
148 169
148 171
148 177
148 179
148 180
148 182
148 184
148 185
148 186
148 187
148 188
148 192
148 193
148 198
149 152
149 153
149 156
149 158
149 160
149 162
149 163
149 164
149 167
149 168
149 173
149 175
149 177
149 179
149 181
149 182
149 184
149 186
149 187
149 188
149 195
149 198
150 154
150 155
150 156
150 158
150 160
150 162
150 167
150 170
150 172
150 174
150 176
150 178
150 179
150 180
150 182
150 183
150 184
150 188
150 189
150 195
150 196
150 198
151 152
151 154
151 155
151 163
151 167
151 168
151 172
151 173
151 174
151 179
151 181
151 187
151 190
151 191
151 193
151 194
151 197
151 198
151 199
152 154
152 155
152 157
152 163
152 167
152 169
152 171
152 173
152 174
152 175
152 177
152 178
152 180
152 181
152 183
152 185
152 192
152 193
152 196
153 154
153 155
153 156
153 161
153 163
153 165
153 166
153 167
153 168
153 169
153 172
153 176
153 177
153 179
153 180
153 186
153 188
153 191
153 195
153 196
153 198
153 199
154 159
154 160
154 161
154 165
154 170
154 172
154 175
154 178
154 179
154 180
154 181
154 183
154 186
154 187
154 188
154 189
154 191
154 193
154 194
154 195
154 198
155 156
155 166
155 167
155 168
155 170
155 171
155 173
155 175
155 177
155 179
155 181
155 182
155 183
155 185
155 187
155 189
155 196
155 199
156 157
156 165
156 168
156 171
156 174
156 179
156 186
156 187
156 191
156 192
156 193
156 195
157 159
157 161
157 162
157 165
157 168
157 170
157 171
157 172
157 173
157 175
157 178
157 180
157 182
157 184
157 185
157 187
157 188
157 189
157 190
157 192
157 193
157 196
157 197
157 198
157 199
158 160
158 162
158 164
158 169
158 173
158 174
158 183
158 185
158 187
158 189
158 190
158 192
158 193
158 198
158 199
159 163
159 164
159 165
159 167
159 169
159 170
159 171
159 172
159 173
159 174
159 176
159 183
159 188
159 195
159 196
159 199
160 161
160 164
160 165
160 167
160 170
160 173
160 175
160 180
160 184
160 185
160 187
160 189
160 191
160 193
160 195
160 196
160 197
160 199
161 165
161 166
161 169
161 170
161 174
161 175
161 177
161 183
161 187
161 189
161 193
161 194
162 165
162 167
162 168
162 171
162 172
162 176
162 177
162 178
162 180
162 181
162 183
162 184
162 188
162 192
162 195
163 165
163 168
163 171
163 172
163 176
163 177
163 179
163 180
163 181
163 182
163 184
163 188
163 190
163 193
163 194
163 199
164 165
164 166
164 168
164 170
164 171
164 173
164 177
164 178
164 180
164 187
164 188
164 189
164 191
164 195
164 196
164 198
164 199
165 167
165 178
165 181
165 183
165 188
165 189
165 191
165 193
165 198
165 199
166 167
166 173
166 175
166 176
166 179
166 184
166 191
166 192
166 194
166 196
166 198
167 171
167 177
167 178
167 180
167 182
167 188
167 189
167 195
167 196
167 198
167 199
168 172
168 174
168 178
168 181
168 183
168 185
168 186
168 187
168 189
168 190
168 191
168 197
169 171
169 172
169 176
169 178
169 179
169 182
169 184
169 186
169 188
169 192
169 193
169 194
169 196
169 198
170 172
170 179
170 180
170 182
170 185
170 188
170 191
170 192
170 194
170 197
170 199
171 174
171 175
171 178
171 179
171 187
171 188
171 190
171 191
172 174
172 175
172 176
172 177
172 180
172 182
172 186
172 188
172 189
172 190
172 192
172 193
172 194
172 195
172 196
172 197
172 199
173 181
173 182
173 183
173 187
173 190
173 191
173 194
173 195
173 199
174 176
174 178
174 179
174 183
174 188
174 193
174 195
174 197
174 198
174 199
175 178
175 179
175 181
175 182
175 183
175 185
175 186
175 190
175 193
175 194
175 197
176 177
176 178
176 179
176 180
176 182
176 185
176 187
176 188
176 189
176 190
176 191
176 196
176 197
177 179
177 181
177 182
177 186
177 187
177 190
177 194
177 195
178 179
178 186
178 187
178 188
178 193
178 195
178 198
178 199
179 181
179 183
179 194
180 184
180 190
180 195
180 196
180 199
181 182
181 187
181 192
181 193
181 195
181 196
181 198
181 199
182 184
182 195
182 197
183 185
183 186
183 187
183 188
183 191
183 193
183 195
183 196
183 197
183 199
184 185
184 197
184 199
185 191
185 193
185 195
186 187
186 191
186 192
186 193
186 194
186 196
186 199
187 190
187 192
187 196
187 197
187 198
187 199
188 190
188 193
188 199
189 190
189 192
189 193
189 195
189 196
189 199
190 191
190 192
190 193
190 194
190 195
190 199
191 192
191 193
191 194
191 195
191 198
191 199
192 194
192 196
192 199
193 194
193 195
193 196
193 197
193 198
194 196
194 197
194 198
194 199
195 197
197 198
197 199
198 199
